{
 "cells": [
  {
   "cell_type": "code",
   "execution_count": 1,
   "id": "28b43e0b",
   "metadata": {},
   "outputs": [],
   "source": [
    "import pandas as pd\n",
    "import numpy as np\n",
    "import seaborn as sns\n",
    "import matplotlib as plt\n",
    "%matplotlib inline\n",
    "import matplotlib.pyplot as plt\n",
    "import re\n",
    "import datetime\n",
    "\n",
    "from scipy import stats\n",
    "from scipy.stats import pearsonr, spearmanr\n",
    "from sklearn.cluster import KMeans\n",
    "from sklearn.cluster import DBSCAN\n",
    "\n",
    "\n",
    "from googletrans import Translator\n",
    "\n",
    "# ignore warnings\n",
    "import warnings\n",
    "warnings.filterwarnings(\"ignore\")"
   ]
  },
  {
   "cell_type": "code",
   "execution_count": 2,
   "id": "dda1507a",
   "metadata": {},
   "outputs": [],
   "source": [
    "data = pd.read_csv('daily8_5.csv')\n",
    "data['dateline'] = pd.to_datetime(data.dateline)\n",
    "df = data.copy()\n",
    "df = df[df.text_label != 'False']\n",
    "df2 = df"
   ]
  },
  {
   "cell_type": "code",
   "execution_count": 3,
   "id": "ecd3266e",
   "metadata": {},
   "outputs": [
    {
     "data": {
      "text/html": [
       "<div>\n",
       "<style scoped>\n",
       "    .dataframe tbody tr th:only-of-type {\n",
       "        vertical-align: middle;\n",
       "    }\n",
       "\n",
       "    .dataframe tbody tr th {\n",
       "        vertical-align: top;\n",
       "    }\n",
       "\n",
       "    .dataframe thead th {\n",
       "        text-align: right;\n",
       "    }\n",
       "</style>\n",
       "<table border=\"1\" class=\"dataframe\">\n",
       "  <thead>\n",
       "    <tr style=\"text-align: right;\">\n",
       "      <th>text_label</th>\n",
       "      <th>negative</th>\n",
       "      <th>neutral</th>\n",
       "      <th>positive</th>\n",
       "      <th>All</th>\n",
       "    </tr>\n",
       "    <tr>\n",
       "      <th>quarter</th>\n",
       "      <th></th>\n",
       "      <th></th>\n",
       "      <th></th>\n",
       "      <th></th>\n",
       "    </tr>\n",
       "  </thead>\n",
       "  <tbody>\n",
       "    <tr>\n",
       "      <th>2001Q1</th>\n",
       "      <td>8</td>\n",
       "      <td>3</td>\n",
       "      <td>2</td>\n",
       "      <td>13</td>\n",
       "    </tr>\n",
       "    <tr>\n",
       "      <th>2001Q2</th>\n",
       "      <td>67</td>\n",
       "      <td>9</td>\n",
       "      <td>1</td>\n",
       "      <td>77</td>\n",
       "    </tr>\n",
       "    <tr>\n",
       "      <th>2001Q3</th>\n",
       "      <td>3</td>\n",
       "      <td>0</td>\n",
       "      <td>0</td>\n",
       "      <td>3</td>\n",
       "    </tr>\n",
       "    <tr>\n",
       "      <th>2001Q4</th>\n",
       "      <td>176</td>\n",
       "      <td>12</td>\n",
       "      <td>6</td>\n",
       "      <td>194</td>\n",
       "    </tr>\n",
       "    <tr>\n",
       "      <th>2002Q1</th>\n",
       "      <td>165</td>\n",
       "      <td>16</td>\n",
       "      <td>9</td>\n",
       "      <td>190</td>\n",
       "    </tr>\n",
       "    <tr>\n",
       "      <th>2002Q2</th>\n",
       "      <td>207</td>\n",
       "      <td>17</td>\n",
       "      <td>5</td>\n",
       "      <td>229</td>\n",
       "    </tr>\n",
       "    <tr>\n",
       "      <th>2002Q3</th>\n",
       "      <td>351</td>\n",
       "      <td>532</td>\n",
       "      <td>61</td>\n",
       "      <td>944</td>\n",
       "    </tr>\n",
       "    <tr>\n",
       "      <th>2002Q4</th>\n",
       "      <td>275</td>\n",
       "      <td>619</td>\n",
       "      <td>54</td>\n",
       "      <td>948</td>\n",
       "    </tr>\n",
       "    <tr>\n",
       "      <th>2003Q1</th>\n",
       "      <td>607</td>\n",
       "      <td>1000</td>\n",
       "      <td>107</td>\n",
       "      <td>1714</td>\n",
       "    </tr>\n",
       "    <tr>\n",
       "      <th>2003Q2</th>\n",
       "      <td>533</td>\n",
       "      <td>782</td>\n",
       "      <td>79</td>\n",
       "      <td>1394</td>\n",
       "    </tr>\n",
       "    <tr>\n",
       "      <th>2003Q3</th>\n",
       "      <td>540</td>\n",
       "      <td>1133</td>\n",
       "      <td>76</td>\n",
       "      <td>1749</td>\n",
       "    </tr>\n",
       "    <tr>\n",
       "      <th>2003Q4</th>\n",
       "      <td>632</td>\n",
       "      <td>1899</td>\n",
       "      <td>97</td>\n",
       "      <td>2628</td>\n",
       "    </tr>\n",
       "    <tr>\n",
       "      <th>2004Q1</th>\n",
       "      <td>518</td>\n",
       "      <td>1756</td>\n",
       "      <td>75</td>\n",
       "      <td>2349</td>\n",
       "    </tr>\n",
       "    <tr>\n",
       "      <th>2004Q2</th>\n",
       "      <td>794</td>\n",
       "      <td>1526</td>\n",
       "      <td>80</td>\n",
       "      <td>2400</td>\n",
       "    </tr>\n",
       "    <tr>\n",
       "      <th>2004Q3</th>\n",
       "      <td>754</td>\n",
       "      <td>1705</td>\n",
       "      <td>72</td>\n",
       "      <td>2531</td>\n",
       "    </tr>\n",
       "    <tr>\n",
       "      <th>2004Q4</th>\n",
       "      <td>742</td>\n",
       "      <td>2002</td>\n",
       "      <td>112</td>\n",
       "      <td>2856</td>\n",
       "    </tr>\n",
       "    <tr>\n",
       "      <th>2005Q1</th>\n",
       "      <td>746</td>\n",
       "      <td>2558</td>\n",
       "      <td>122</td>\n",
       "      <td>3426</td>\n",
       "    </tr>\n",
       "    <tr>\n",
       "      <th>2005Q2</th>\n",
       "      <td>838</td>\n",
       "      <td>2668</td>\n",
       "      <td>195</td>\n",
       "      <td>3701</td>\n",
       "    </tr>\n",
       "    <tr>\n",
       "      <th>2005Q3</th>\n",
       "      <td>952</td>\n",
       "      <td>2386</td>\n",
       "      <td>199</td>\n",
       "      <td>3537</td>\n",
       "    </tr>\n",
       "    <tr>\n",
       "      <th>2005Q4</th>\n",
       "      <td>966</td>\n",
       "      <td>2639</td>\n",
       "      <td>167</td>\n",
       "      <td>3772</td>\n",
       "    </tr>\n",
       "    <tr>\n",
       "      <th>2006Q1</th>\n",
       "      <td>1129</td>\n",
       "      <td>3539</td>\n",
       "      <td>199</td>\n",
       "      <td>4867</td>\n",
       "    </tr>\n",
       "    <tr>\n",
       "      <th>2006Q2</th>\n",
       "      <td>1090</td>\n",
       "      <td>3364</td>\n",
       "      <td>244</td>\n",
       "      <td>4698</td>\n",
       "    </tr>\n",
       "    <tr>\n",
       "      <th>2006Q3</th>\n",
       "      <td>1536</td>\n",
       "      <td>2814</td>\n",
       "      <td>176</td>\n",
       "      <td>4526</td>\n",
       "    </tr>\n",
       "    <tr>\n",
       "      <th>2006Q4</th>\n",
       "      <td>1301</td>\n",
       "      <td>3165</td>\n",
       "      <td>192</td>\n",
       "      <td>4658</td>\n",
       "    </tr>\n",
       "    <tr>\n",
       "      <th>2007Q1</th>\n",
       "      <td>1280</td>\n",
       "      <td>3082</td>\n",
       "      <td>154</td>\n",
       "      <td>4516</td>\n",
       "    </tr>\n",
       "    <tr>\n",
       "      <th>2007Q2</th>\n",
       "      <td>1304</td>\n",
       "      <td>3420</td>\n",
       "      <td>181</td>\n",
       "      <td>4905</td>\n",
       "    </tr>\n",
       "    <tr>\n",
       "      <th>2007Q3</th>\n",
       "      <td>1286</td>\n",
       "      <td>3018</td>\n",
       "      <td>131</td>\n",
       "      <td>4435</td>\n",
       "    </tr>\n",
       "    <tr>\n",
       "      <th>2007Q4</th>\n",
       "      <td>1184</td>\n",
       "      <td>2996</td>\n",
       "      <td>159</td>\n",
       "      <td>4339</td>\n",
       "    </tr>\n",
       "    <tr>\n",
       "      <th>2008Q1</th>\n",
       "      <td>1402</td>\n",
       "      <td>4791</td>\n",
       "      <td>257</td>\n",
       "      <td>6450</td>\n",
       "    </tr>\n",
       "    <tr>\n",
       "      <th>2008Q2</th>\n",
       "      <td>1297</td>\n",
       "      <td>3804</td>\n",
       "      <td>244</td>\n",
       "      <td>5345</td>\n",
       "    </tr>\n",
       "    <tr>\n",
       "      <th>2008Q3</th>\n",
       "      <td>1201</td>\n",
       "      <td>4576</td>\n",
       "      <td>240</td>\n",
       "      <td>6017</td>\n",
       "    </tr>\n",
       "    <tr>\n",
       "      <th>2008Q4</th>\n",
       "      <td>1185</td>\n",
       "      <td>4955</td>\n",
       "      <td>385</td>\n",
       "      <td>6525</td>\n",
       "    </tr>\n",
       "    <tr>\n",
       "      <th>2009Q1</th>\n",
       "      <td>983</td>\n",
       "      <td>3851</td>\n",
       "      <td>241</td>\n",
       "      <td>5075</td>\n",
       "    </tr>\n",
       "    <tr>\n",
       "      <th>2009Q2</th>\n",
       "      <td>991</td>\n",
       "      <td>4432</td>\n",
       "      <td>344</td>\n",
       "      <td>5767</td>\n",
       "    </tr>\n",
       "    <tr>\n",
       "      <th>2009Q3</th>\n",
       "      <td>1122</td>\n",
       "      <td>3876</td>\n",
       "      <td>249</td>\n",
       "      <td>5247</td>\n",
       "    </tr>\n",
       "    <tr>\n",
       "      <th>2009Q4</th>\n",
       "      <td>1232</td>\n",
       "      <td>4300</td>\n",
       "      <td>286</td>\n",
       "      <td>5818</td>\n",
       "    </tr>\n",
       "    <tr>\n",
       "      <th>2010Q1</th>\n",
       "      <td>1462</td>\n",
       "      <td>5092</td>\n",
       "      <td>304</td>\n",
       "      <td>6858</td>\n",
       "    </tr>\n",
       "    <tr>\n",
       "      <th>2010Q2</th>\n",
       "      <td>1620</td>\n",
       "      <td>6481</td>\n",
       "      <td>408</td>\n",
       "      <td>8509</td>\n",
       "    </tr>\n",
       "    <tr>\n",
       "      <th>2010Q3</th>\n",
       "      <td>1773</td>\n",
       "      <td>6032</td>\n",
       "      <td>353</td>\n",
       "      <td>8158</td>\n",
       "    </tr>\n",
       "    <tr>\n",
       "      <th>2010Q4</th>\n",
       "      <td>1528</td>\n",
       "      <td>5023</td>\n",
       "      <td>318</td>\n",
       "      <td>6869</td>\n",
       "    </tr>\n",
       "    <tr>\n",
       "      <th>2011Q1</th>\n",
       "      <td>1335</td>\n",
       "      <td>4212</td>\n",
       "      <td>265</td>\n",
       "      <td>5812</td>\n",
       "    </tr>\n",
       "    <tr>\n",
       "      <th>2011Q2</th>\n",
       "      <td>1431</td>\n",
       "      <td>5218</td>\n",
       "      <td>262</td>\n",
       "      <td>6911</td>\n",
       "    </tr>\n",
       "    <tr>\n",
       "      <th>2011Q3</th>\n",
       "      <td>1491</td>\n",
       "      <td>4227</td>\n",
       "      <td>253</td>\n",
       "      <td>5971</td>\n",
       "    </tr>\n",
       "    <tr>\n",
       "      <th>2011Q4</th>\n",
       "      <td>1508</td>\n",
       "      <td>4346</td>\n",
       "      <td>266</td>\n",
       "      <td>6120</td>\n",
       "    </tr>\n",
       "    <tr>\n",
       "      <th>2012Q1</th>\n",
       "      <td>1524</td>\n",
       "      <td>5345</td>\n",
       "      <td>301</td>\n",
       "      <td>7170</td>\n",
       "    </tr>\n",
       "    <tr>\n",
       "      <th>2012Q2</th>\n",
       "      <td>1196</td>\n",
       "      <td>5272</td>\n",
       "      <td>328</td>\n",
       "      <td>6796</td>\n",
       "    </tr>\n",
       "    <tr>\n",
       "      <th>2012Q3</th>\n",
       "      <td>1684</td>\n",
       "      <td>6977</td>\n",
       "      <td>385</td>\n",
       "      <td>9046</td>\n",
       "    </tr>\n",
       "    <tr>\n",
       "      <th>2012Q4</th>\n",
       "      <td>1268</td>\n",
       "      <td>5968</td>\n",
       "      <td>391</td>\n",
       "      <td>7627</td>\n",
       "    </tr>\n",
       "    <tr>\n",
       "      <th>2013Q1</th>\n",
       "      <td>1612</td>\n",
       "      <td>6958</td>\n",
       "      <td>407</td>\n",
       "      <td>8977</td>\n",
       "    </tr>\n",
       "    <tr>\n",
       "      <th>2013Q2</th>\n",
       "      <td>1763</td>\n",
       "      <td>6260</td>\n",
       "      <td>435</td>\n",
       "      <td>8458</td>\n",
       "    </tr>\n",
       "    <tr>\n",
       "      <th>2013Q3</th>\n",
       "      <td>1480</td>\n",
       "      <td>3541</td>\n",
       "      <td>224</td>\n",
       "      <td>5245</td>\n",
       "    </tr>\n",
       "    <tr>\n",
       "      <th>2013Q4</th>\n",
       "      <td>1222</td>\n",
       "      <td>3701</td>\n",
       "      <td>267</td>\n",
       "      <td>5190</td>\n",
       "    </tr>\n",
       "    <tr>\n",
       "      <th>2014Q1</th>\n",
       "      <td>855</td>\n",
       "      <td>3108</td>\n",
       "      <td>206</td>\n",
       "      <td>4169</td>\n",
       "    </tr>\n",
       "    <tr>\n",
       "      <th>2014Q2</th>\n",
       "      <td>301</td>\n",
       "      <td>1537</td>\n",
       "      <td>138</td>\n",
       "      <td>1976</td>\n",
       "    </tr>\n",
       "    <tr>\n",
       "      <th>All</th>\n",
       "      <td>54450</td>\n",
       "      <td>172543</td>\n",
       "      <td>10712</td>\n",
       "      <td>237705</td>\n",
       "    </tr>\n",
       "  </tbody>\n",
       "</table>\n",
       "</div>"
      ],
      "text/plain": [
       "text_label  negative  neutral  positive     All\n",
       "quarter                                        \n",
       "2001Q1             8        3         2      13\n",
       "2001Q2            67        9         1      77\n",
       "2001Q3             3        0         0       3\n",
       "2001Q4           176       12         6     194\n",
       "2002Q1           165       16         9     190\n",
       "2002Q2           207       17         5     229\n",
       "2002Q3           351      532        61     944\n",
       "2002Q4           275      619        54     948\n",
       "2003Q1           607     1000       107    1714\n",
       "2003Q2           533      782        79    1394\n",
       "2003Q3           540     1133        76    1749\n",
       "2003Q4           632     1899        97    2628\n",
       "2004Q1           518     1756        75    2349\n",
       "2004Q2           794     1526        80    2400\n",
       "2004Q3           754     1705        72    2531\n",
       "2004Q4           742     2002       112    2856\n",
       "2005Q1           746     2558       122    3426\n",
       "2005Q2           838     2668       195    3701\n",
       "2005Q3           952     2386       199    3537\n",
       "2005Q4           966     2639       167    3772\n",
       "2006Q1          1129     3539       199    4867\n",
       "2006Q2          1090     3364       244    4698\n",
       "2006Q3          1536     2814       176    4526\n",
       "2006Q4          1301     3165       192    4658\n",
       "2007Q1          1280     3082       154    4516\n",
       "2007Q2          1304     3420       181    4905\n",
       "2007Q3          1286     3018       131    4435\n",
       "2007Q4          1184     2996       159    4339\n",
       "2008Q1          1402     4791       257    6450\n",
       "2008Q2          1297     3804       244    5345\n",
       "2008Q3          1201     4576       240    6017\n",
       "2008Q4          1185     4955       385    6525\n",
       "2009Q1           983     3851       241    5075\n",
       "2009Q2           991     4432       344    5767\n",
       "2009Q3          1122     3876       249    5247\n",
       "2009Q4          1232     4300       286    5818\n",
       "2010Q1          1462     5092       304    6858\n",
       "2010Q2          1620     6481       408    8509\n",
       "2010Q3          1773     6032       353    8158\n",
       "2010Q4          1528     5023       318    6869\n",
       "2011Q1          1335     4212       265    5812\n",
       "2011Q2          1431     5218       262    6911\n",
       "2011Q3          1491     4227       253    5971\n",
       "2011Q4          1508     4346       266    6120\n",
       "2012Q1          1524     5345       301    7170\n",
       "2012Q2          1196     5272       328    6796\n",
       "2012Q3          1684     6977       385    9046\n",
       "2012Q4          1268     5968       391    7627\n",
       "2013Q1          1612     6958       407    8977\n",
       "2013Q2          1763     6260       435    8458\n",
       "2013Q3          1480     3541       224    5245\n",
       "2013Q4          1222     3701       267    5190\n",
       "2014Q1           855     3108       206    4169\n",
       "2014Q2           301     1537       138    1976\n",
       "All            54450   172543     10712  237705"
      ]
     },
     "execution_count": 3,
     "metadata": {},
     "output_type": "execute_result"
    }
   ],
   "source": [
    "df['dateline'] = df['dateline'].astype(str)\n",
    "df = df[df.dateline != '1998-04-02']\n",
    "df['dateline'] = pd.to_datetime(df['dateline'])\n",
    "df['dateline']\n",
    "df[\"quarter\"] = pd.PeriodIndex(df.dateline, freq='Q')\n",
    "quarter_perc = pd.crosstab(df.quarter, df.text_label, margins=True)\n",
    "quarter_perc"
   ]
  },
  {
   "cell_type": "code",
   "execution_count": 4,
   "id": "4d868cbe",
   "metadata": {},
   "outputs": [],
   "source": [
    "quarter_perc = quarter_perc.apply(lambda x: x / x['All'] * 100, axis=1)\n",
    "quarter_perc = quarter_perc.drop(columns=['All'])"
   ]
  },
  {
   "cell_type": "code",
   "execution_count": 5,
   "id": "49085ddf",
   "metadata": {},
   "outputs": [
    {
     "data": {
      "text/html": [
       "<div>\n",
       "<style scoped>\n",
       "    .dataframe tbody tr th:only-of-type {\n",
       "        vertical-align: middle;\n",
       "    }\n",
       "\n",
       "    .dataframe tbody tr th {\n",
       "        vertical-align: top;\n",
       "    }\n",
       "\n",
       "    .dataframe thead th {\n",
       "        text-align: right;\n",
       "    }\n",
       "</style>\n",
       "<table border=\"1\" class=\"dataframe\">\n",
       "  <thead>\n",
       "    <tr style=\"text-align: right;\">\n",
       "      <th>text_label</th>\n",
       "      <th>negative</th>\n",
       "      <th>neutral</th>\n",
       "      <th>positive</th>\n",
       "    </tr>\n",
       "    <tr>\n",
       "      <th>quarter</th>\n",
       "      <th></th>\n",
       "      <th></th>\n",
       "      <th></th>\n",
       "    </tr>\n",
       "  </thead>\n",
       "  <tbody>\n",
       "    <tr>\n",
       "      <th>2001Q1</th>\n",
       "      <td>61.538462</td>\n",
       "      <td>23.076923</td>\n",
       "      <td>15.384615</td>\n",
       "    </tr>\n",
       "    <tr>\n",
       "      <th>2001Q2</th>\n",
       "      <td>87.012987</td>\n",
       "      <td>11.688312</td>\n",
       "      <td>1.298701</td>\n",
       "    </tr>\n",
       "    <tr>\n",
       "      <th>2001Q3</th>\n",
       "      <td>100.000000</td>\n",
       "      <td>0.000000</td>\n",
       "      <td>0.000000</td>\n",
       "    </tr>\n",
       "    <tr>\n",
       "      <th>2001Q4</th>\n",
       "      <td>90.721649</td>\n",
       "      <td>6.185567</td>\n",
       "      <td>3.092784</td>\n",
       "    </tr>\n",
       "    <tr>\n",
       "      <th>2002Q1</th>\n",
       "      <td>86.842105</td>\n",
       "      <td>8.421053</td>\n",
       "      <td>4.736842</td>\n",
       "    </tr>\n",
       "    <tr>\n",
       "      <th>2002Q2</th>\n",
       "      <td>90.393013</td>\n",
       "      <td>7.423581</td>\n",
       "      <td>2.183406</td>\n",
       "    </tr>\n",
       "    <tr>\n",
       "      <th>2002Q3</th>\n",
       "      <td>37.182203</td>\n",
       "      <td>56.355932</td>\n",
       "      <td>6.461864</td>\n",
       "    </tr>\n",
       "    <tr>\n",
       "      <th>2002Q4</th>\n",
       "      <td>29.008439</td>\n",
       "      <td>65.295359</td>\n",
       "      <td>5.696203</td>\n",
       "    </tr>\n",
       "    <tr>\n",
       "      <th>2003Q1</th>\n",
       "      <td>35.414236</td>\n",
       "      <td>58.343057</td>\n",
       "      <td>6.242707</td>\n",
       "    </tr>\n",
       "    <tr>\n",
       "      <th>2003Q2</th>\n",
       "      <td>38.235294</td>\n",
       "      <td>56.097561</td>\n",
       "      <td>5.667145</td>\n",
       "    </tr>\n",
       "    <tr>\n",
       "      <th>2003Q3</th>\n",
       "      <td>30.874786</td>\n",
       "      <td>64.779874</td>\n",
       "      <td>4.345340</td>\n",
       "    </tr>\n",
       "    <tr>\n",
       "      <th>2003Q4</th>\n",
       "      <td>24.048706</td>\n",
       "      <td>72.260274</td>\n",
       "      <td>3.691020</td>\n",
       "    </tr>\n",
       "    <tr>\n",
       "      <th>2004Q1</th>\n",
       "      <td>22.051937</td>\n",
       "      <td>74.755215</td>\n",
       "      <td>3.192848</td>\n",
       "    </tr>\n",
       "    <tr>\n",
       "      <th>2004Q2</th>\n",
       "      <td>33.083333</td>\n",
       "      <td>63.583333</td>\n",
       "      <td>3.333333</td>\n",
       "    </tr>\n",
       "    <tr>\n",
       "      <th>2004Q3</th>\n",
       "      <td>29.790597</td>\n",
       "      <td>67.364678</td>\n",
       "      <td>2.844725</td>\n",
       "    </tr>\n",
       "    <tr>\n",
       "      <th>2004Q4</th>\n",
       "      <td>25.980392</td>\n",
       "      <td>70.098039</td>\n",
       "      <td>3.921569</td>\n",
       "    </tr>\n",
       "    <tr>\n",
       "      <th>2005Q1</th>\n",
       "      <td>21.774664</td>\n",
       "      <td>74.664332</td>\n",
       "      <td>3.561004</td>\n",
       "    </tr>\n",
       "    <tr>\n",
       "      <th>2005Q2</th>\n",
       "      <td>22.642529</td>\n",
       "      <td>72.088625</td>\n",
       "      <td>5.268846</td>\n",
       "    </tr>\n",
       "    <tr>\n",
       "      <th>2005Q3</th>\n",
       "      <td>26.915465</td>\n",
       "      <td>67.458298</td>\n",
       "      <td>5.626237</td>\n",
       "    </tr>\n",
       "    <tr>\n",
       "      <th>2005Q4</th>\n",
       "      <td>25.609756</td>\n",
       "      <td>69.962884</td>\n",
       "      <td>4.427359</td>\n",
       "    </tr>\n",
       "    <tr>\n",
       "      <th>2006Q1</th>\n",
       "      <td>23.197041</td>\n",
       "      <td>72.714198</td>\n",
       "      <td>4.088761</td>\n",
       "    </tr>\n",
       "    <tr>\n",
       "      <th>2006Q2</th>\n",
       "      <td>23.201362</td>\n",
       "      <td>71.604938</td>\n",
       "      <td>5.193699</td>\n",
       "    </tr>\n",
       "    <tr>\n",
       "      <th>2006Q3</th>\n",
       "      <td>33.937251</td>\n",
       "      <td>62.174105</td>\n",
       "      <td>3.888643</td>\n",
       "    </tr>\n",
       "    <tr>\n",
       "      <th>2006Q4</th>\n",
       "      <td>27.930442</td>\n",
       "      <td>67.947617</td>\n",
       "      <td>4.121941</td>\n",
       "    </tr>\n",
       "    <tr>\n",
       "      <th>2007Q1</th>\n",
       "      <td>28.343667</td>\n",
       "      <td>68.246236</td>\n",
       "      <td>3.410097</td>\n",
       "    </tr>\n",
       "    <tr>\n",
       "      <th>2007Q2</th>\n",
       "      <td>26.585117</td>\n",
       "      <td>69.724771</td>\n",
       "      <td>3.690112</td>\n",
       "    </tr>\n",
       "    <tr>\n",
       "      <th>2007Q3</th>\n",
       "      <td>28.996618</td>\n",
       "      <td>68.049605</td>\n",
       "      <td>2.953777</td>\n",
       "    </tr>\n",
       "    <tr>\n",
       "      <th>2007Q4</th>\n",
       "      <td>27.287393</td>\n",
       "      <td>69.048168</td>\n",
       "      <td>3.664439</td>\n",
       "    </tr>\n",
       "    <tr>\n",
       "      <th>2008Q1</th>\n",
       "      <td>21.736434</td>\n",
       "      <td>74.279070</td>\n",
       "      <td>3.984496</td>\n",
       "    </tr>\n",
       "    <tr>\n",
       "      <th>2008Q2</th>\n",
       "      <td>24.265669</td>\n",
       "      <td>71.169317</td>\n",
       "      <td>4.565014</td>\n",
       "    </tr>\n",
       "    <tr>\n",
       "      <th>2008Q3</th>\n",
       "      <td>19.960113</td>\n",
       "      <td>76.051188</td>\n",
       "      <td>3.988699</td>\n",
       "    </tr>\n",
       "    <tr>\n",
       "      <th>2008Q4</th>\n",
       "      <td>18.160920</td>\n",
       "      <td>75.938697</td>\n",
       "      <td>5.900383</td>\n",
       "    </tr>\n",
       "    <tr>\n",
       "      <th>2009Q1</th>\n",
       "      <td>19.369458</td>\n",
       "      <td>75.881773</td>\n",
       "      <td>4.748768</td>\n",
       "    </tr>\n",
       "    <tr>\n",
       "      <th>2009Q2</th>\n",
       "      <td>17.183978</td>\n",
       "      <td>76.851049</td>\n",
       "      <td>5.964973</td>\n",
       "    </tr>\n",
       "    <tr>\n",
       "      <th>2009Q3</th>\n",
       "      <td>21.383648</td>\n",
       "      <td>73.870783</td>\n",
       "      <td>4.745569</td>\n",
       "    </tr>\n",
       "    <tr>\n",
       "      <th>2009Q4</th>\n",
       "      <td>21.175662</td>\n",
       "      <td>73.908560</td>\n",
       "      <td>4.915779</td>\n",
       "    </tr>\n",
       "    <tr>\n",
       "      <th>2010Q1</th>\n",
       "      <td>21.318169</td>\n",
       "      <td>74.249052</td>\n",
       "      <td>4.432779</td>\n",
       "    </tr>\n",
       "    <tr>\n",
       "      <th>2010Q2</th>\n",
       "      <td>19.038665</td>\n",
       "      <td>76.166412</td>\n",
       "      <td>4.794923</td>\n",
       "    </tr>\n",
       "    <tr>\n",
       "      <th>2010Q3</th>\n",
       "      <td>21.733268</td>\n",
       "      <td>73.939691</td>\n",
       "      <td>4.327041</td>\n",
       "    </tr>\n",
       "    <tr>\n",
       "      <th>2010Q4</th>\n",
       "      <td>22.244868</td>\n",
       "      <td>73.125637</td>\n",
       "      <td>4.629495</td>\n",
       "    </tr>\n",
       "    <tr>\n",
       "      <th>2011Q1</th>\n",
       "      <td>22.969718</td>\n",
       "      <td>72.470750</td>\n",
       "      <td>4.559532</td>\n",
       "    </tr>\n",
       "    <tr>\n",
       "      <th>2011Q2</th>\n",
       "      <td>20.706121</td>\n",
       "      <td>75.502822</td>\n",
       "      <td>3.791058</td>\n",
       "    </tr>\n",
       "    <tr>\n",
       "      <th>2011Q3</th>\n",
       "      <td>24.970692</td>\n",
       "      <td>70.792162</td>\n",
       "      <td>4.237146</td>\n",
       "    </tr>\n",
       "    <tr>\n",
       "      <th>2011Q4</th>\n",
       "      <td>24.640523</td>\n",
       "      <td>71.013072</td>\n",
       "      <td>4.346405</td>\n",
       "    </tr>\n",
       "    <tr>\n",
       "      <th>2012Q1</th>\n",
       "      <td>21.255230</td>\n",
       "      <td>74.546722</td>\n",
       "      <td>4.198047</td>\n",
       "    </tr>\n",
       "    <tr>\n",
       "      <th>2012Q2</th>\n",
       "      <td>17.598587</td>\n",
       "      <td>77.575044</td>\n",
       "      <td>4.826368</td>\n",
       "    </tr>\n",
       "    <tr>\n",
       "      <th>2012Q3</th>\n",
       "      <td>18.615963</td>\n",
       "      <td>77.128012</td>\n",
       "      <td>4.256025</td>\n",
       "    </tr>\n",
       "    <tr>\n",
       "      <th>2012Q4</th>\n",
       "      <td>16.625148</td>\n",
       "      <td>78.248328</td>\n",
       "      <td>5.126524</td>\n",
       "    </tr>\n",
       "    <tr>\n",
       "      <th>2013Q1</th>\n",
       "      <td>17.957001</td>\n",
       "      <td>77.509190</td>\n",
       "      <td>4.533809</td>\n",
       "    </tr>\n",
       "    <tr>\n",
       "      <th>2013Q2</th>\n",
       "      <td>20.844171</td>\n",
       "      <td>74.012769</td>\n",
       "      <td>5.143060</td>\n",
       "    </tr>\n",
       "    <tr>\n",
       "      <th>2013Q3</th>\n",
       "      <td>28.217350</td>\n",
       "      <td>67.511916</td>\n",
       "      <td>4.270734</td>\n",
       "    </tr>\n",
       "    <tr>\n",
       "      <th>2013Q4</th>\n",
       "      <td>23.545279</td>\n",
       "      <td>71.310212</td>\n",
       "      <td>5.144509</td>\n",
       "    </tr>\n",
       "    <tr>\n",
       "      <th>2014Q1</th>\n",
       "      <td>20.508515</td>\n",
       "      <td>74.550252</td>\n",
       "      <td>4.941233</td>\n",
       "    </tr>\n",
       "    <tr>\n",
       "      <th>2014Q2</th>\n",
       "      <td>15.232794</td>\n",
       "      <td>77.783401</td>\n",
       "      <td>6.983806</td>\n",
       "    </tr>\n",
       "    <tr>\n",
       "      <th>All</th>\n",
       "      <td>22.906544</td>\n",
       "      <td>72.587030</td>\n",
       "      <td>4.506426</td>\n",
       "    </tr>\n",
       "  </tbody>\n",
       "</table>\n",
       "</div>"
      ],
      "text/plain": [
       "text_label    negative    neutral   positive\n",
       "quarter                                     \n",
       "2001Q1       61.538462  23.076923  15.384615\n",
       "2001Q2       87.012987  11.688312   1.298701\n",
       "2001Q3      100.000000   0.000000   0.000000\n",
       "2001Q4       90.721649   6.185567   3.092784\n",
       "2002Q1       86.842105   8.421053   4.736842\n",
       "2002Q2       90.393013   7.423581   2.183406\n",
       "2002Q3       37.182203  56.355932   6.461864\n",
       "2002Q4       29.008439  65.295359   5.696203\n",
       "2003Q1       35.414236  58.343057   6.242707\n",
       "2003Q2       38.235294  56.097561   5.667145\n",
       "2003Q3       30.874786  64.779874   4.345340\n",
       "2003Q4       24.048706  72.260274   3.691020\n",
       "2004Q1       22.051937  74.755215   3.192848\n",
       "2004Q2       33.083333  63.583333   3.333333\n",
       "2004Q3       29.790597  67.364678   2.844725\n",
       "2004Q4       25.980392  70.098039   3.921569\n",
       "2005Q1       21.774664  74.664332   3.561004\n",
       "2005Q2       22.642529  72.088625   5.268846\n",
       "2005Q3       26.915465  67.458298   5.626237\n",
       "2005Q4       25.609756  69.962884   4.427359\n",
       "2006Q1       23.197041  72.714198   4.088761\n",
       "2006Q2       23.201362  71.604938   5.193699\n",
       "2006Q3       33.937251  62.174105   3.888643\n",
       "2006Q4       27.930442  67.947617   4.121941\n",
       "2007Q1       28.343667  68.246236   3.410097\n",
       "2007Q2       26.585117  69.724771   3.690112\n",
       "2007Q3       28.996618  68.049605   2.953777\n",
       "2007Q4       27.287393  69.048168   3.664439\n",
       "2008Q1       21.736434  74.279070   3.984496\n",
       "2008Q2       24.265669  71.169317   4.565014\n",
       "2008Q3       19.960113  76.051188   3.988699\n",
       "2008Q4       18.160920  75.938697   5.900383\n",
       "2009Q1       19.369458  75.881773   4.748768\n",
       "2009Q2       17.183978  76.851049   5.964973\n",
       "2009Q3       21.383648  73.870783   4.745569\n",
       "2009Q4       21.175662  73.908560   4.915779\n",
       "2010Q1       21.318169  74.249052   4.432779\n",
       "2010Q2       19.038665  76.166412   4.794923\n",
       "2010Q3       21.733268  73.939691   4.327041\n",
       "2010Q4       22.244868  73.125637   4.629495\n",
       "2011Q1       22.969718  72.470750   4.559532\n",
       "2011Q2       20.706121  75.502822   3.791058\n",
       "2011Q3       24.970692  70.792162   4.237146\n",
       "2011Q4       24.640523  71.013072   4.346405\n",
       "2012Q1       21.255230  74.546722   4.198047\n",
       "2012Q2       17.598587  77.575044   4.826368\n",
       "2012Q3       18.615963  77.128012   4.256025\n",
       "2012Q4       16.625148  78.248328   5.126524\n",
       "2013Q1       17.957001  77.509190   4.533809\n",
       "2013Q2       20.844171  74.012769   5.143060\n",
       "2013Q3       28.217350  67.511916   4.270734\n",
       "2013Q4       23.545279  71.310212   5.144509\n",
       "2014Q1       20.508515  74.550252   4.941233\n",
       "2014Q2       15.232794  77.783401   6.983806\n",
       "All          22.906544  72.587030   4.506426"
      ]
     },
     "execution_count": 5,
     "metadata": {},
     "output_type": "execute_result"
    }
   ],
   "source": [
    "quarter_perc"
   ]
  },
  {
   "cell_type": "code",
   "execution_count": 6,
   "id": "9106000f",
   "metadata": {},
   "outputs": [
    {
     "data": {
      "text/plain": [
       "<AxesSubplot:xlabel='quarter'>"
      ]
     },
     "execution_count": 6,
     "metadata": {},
     "output_type": "execute_result"
    },
    {
     "data": {
